11 
17 
54 
119 
127 
132 
139 
152 
167 
172 
277 
301 
323 
342 
367 
411 
419 
479 
480 
493 
537 
549 
567 
579 
600 
625 
636 
648 
699 
705 
726 
736 
753 
776 
814 
825 
829 
846 
857 
876 
888 
910 
964 
1010 
1011 
1041 
1048 
1064 
1146 
1165 
1189 
1211 
1255 
1258 
1260 
1261 
1334 
1383 
1391 
1395 
1428 
1446 
1464 
1470 
1478 
1505 
1518 
1522 
1552 
1566 
1573 
1576 
1622 
1710 
1727 
1737 
1744 
1746 
1761 
1784 
1794 
1859 
1898 
1914 
1918 
1984 
2002 
2042 
2055 
2095 
2109 
2152 
2154 
2158 
2164 
2249 
2310 
2315 
2370 
2396 
2431 
2443 
2445 
2454 
2473 
2479 
2481 
2499 
2518 
2536 
2538 
2630 
2682 
2695 
2697 
2807 
2827 
2828 
2838 
2864 
2885 
2893 
2906 
2926 
2954 
2972 
2978 
3030 
3078 
3092 
3100 
3123 
3154 
3198 
3254 
3275 
3296 
3306 
3359 
3380 
3402 
3435 
3476 
3498 
3527 
3539 
3540 
3542 
3551 
3579 
3594 
3595 
3612 
3643 
3667 
3673 
3714 
3744 
3791 
3793 
3797 
3811 
3843 
3864 
3877 
3896 
3937 
3950 
3960 
3985 
3997 
4017 
4030 
4041 
4075 
4078 
4108 
4244 
4309 
4330 
4378 
4414 
4416 
4420 
4423 
4431 
